PESOS      : 3, 2, 2, 2, 3
VALORES    : 4, 1, 3, 3, 4
MAXIMO     : 12
SOLUCION FB: 1, 1, 1, 1, 1
SOLUCION PD: 1, 1, 1, 1, 1
SOLUCION AV: 1, 1, 1, 1, 1

PESOS      : 4, 3, 3, 1, 1
VALORES    : 1, 4, 4, 4, 2
MAXIMO     : 12
SOLUCION FB: 1, 1, 1, 1, 1
SOLUCION PD: 1, 1, 1, 1, 1
SOLUCION AV: 1, 1, 1, 1, 1

PESOS      : 4, 2, 1, 3, 2
VALORES    : 2, 2, 2, 4, 3
MAXIMO     : 6
SOLUCION FB: 0, 0, 1, 1, 1
SOLUCION PD: 0, 0, 1, 1, 1
SOLUCION AV: 0, 0, 1, 1, 1

PESOS      : 3, 3, 3, 3, 4
VALORES    : 4, 4, 2, 4, 4
MAXIMO     : 8
SOLUCION FB: 1, 1, 0, 0, 0
SOLUCION PD: 1, 1, 0, 0, 0
SOLUCION AV: 1, 1, 0, 0, 0

PESOS      : 1, 4, 4, 1, 4
VALORES    : 1, 4, 2, 1, 3
MAXIMO     : 4
SOLUCION FB: 0, 1, 0, 0, 0
SOLUCION PD: 0, 1, 0, 0, 0
SOLUCION AV: 0, 1, 0, 0, 0

PESOS      : 2, 1, 3, 2, 4
VALORES    : 3, 1, 3, 2, 3
MAXIMO     : 4
SOLUCION FB: 1, 0, 0, 1, 0
SOLUCION PD: 1, 0, 0, 1, 0
SOLUCION AV: 1, 0, 0, 1, 0

PESOS      : 4, 4, 2, 4, 2
VALORES    : 3, 1, 1, 4, 2
MAXIMO     : 4
SOLUCION FB: 0, 0, 0, 1, 0
SOLUCION PD: 0, 0, 0, 1, 0
SOLUCION AV: 0, 0, 0, 1, 0

PESOS      : 3, 2, 4, 4, 4
VALORES    : 3, 1, 4, 4, 2
MAXIMO     : 4
SOLUCION FB: 0, 0, 1, 0, 0
SOLUCION PD: 0, 0, 1, 0, 0
SOLUCION AV: 1, 0, 0, 0, 0

PESOS      : 4, 4, 2, 4, 1
VALORES    : 1, 2, 1, 4, 2
MAXIMO     : 3
SOLUCION FB: 0, 0, 1, 0, 1
SOLUCION PD: 0, 0, 1, 0, 1
SOLUCION AV: 0, 0, 1, 0, 1

PESOS      : 2, 1, 1, 4, 2
VALORES    : 4, 2, 1, 3, 1
MAXIMO     : 2
SOLUCION FB: 1, 0, 0, 0, 0
SOLUCION PD: 1, 0, 0, 0, 0
SOLUCION AV: 1, 0, 0, 0, 0

PESOS      : 9, 6, 7, 2, 1, 4, 3, 7, 6, 6
VALORES    : 5, 5, 3, 1, 8, 9, 8, 8, 3, 3
MAXIMO     : 51
SOLUCION FB: 1, 1, 1, 1, 1, 1, 1, 1, 1, 1
SOLUCION PD: 1, 1, 1, 1, 1, 1, 1, 1, 1, 1
SOLUCION AV: 1, 1, 1, 1, 1, 1, 1, 1, 1, 1

PESOS      : 4, 7, 7, 3, 7, 5, 6, 6, 1, 8
VALORES    : 4, 3, 2, 9, 4, 8, 1, 4, 1, 4
MAXIMO     : 54
SOLUCION FB: 1, 1, 1, 1, 1, 1, 1, 1, 1, 1
SOLUCION PD: 1, 1, 1, 1, 1, 1, 1, 1, 1, 1
SOLUCION AV: 1, 1, 1, 1, 1, 1, 1, 1, 1, 1

PESOS      : 3, 8, 3, 9, 7, 3, 1, 6, 4, 2
VALORES    : 1, 3, 8, 6, 6, 3, 6, 1, 3, 1
MAXIMO     : 23
SOLUCION FB: 0, 0, 1, 1, 1, 1, 1, 0, 0, 0
SOLUCION PD: 0, 0, 1, 1, 1, 1, 1, 0, 0, 0
SOLUCION AV: 1, 0, 1, 0, 1, 1, 1, 0, 1, 1

PESOS      : 4, 2, 5, 5, 7, 7, 6, 5, 3, 3
VALORES    : 4, 3, 8, 1, 7, 6, 2, 4, 5, 3
MAXIMO     : 23
SOLUCION FB: 1, 1, 1, 0, 1, 0, 0, 0, 1, 0
SOLUCION PD: 1, 1, 1, 0, 1, 0, 0, 0, 1, 0
SOLUCION AV: 1, 1, 1, 0, 1, 0, 0, 0, 1, 0

PESOS      : 6, 1, 9, 4, 9, 4, 9, 6, 9, 5
VALORES    : 4, 4, 1, 8, 7, 4, 2, 9, 3, 7
MAXIMO     : 20
SOLUCION FB: 0, 1, 0, 1, 0, 1, 0, 1, 0, 1
SOLUCION PD: 0, 1, 0, 1, 0, 1, 0, 1, 0, 1
SOLUCION AV: 0, 1, 0, 1, 0, 1, 0, 1, 0, 1

PESOS      : 2, 6, 3, 9, 8, 1, 4, 9, 3, 7
VALORES    : 1, 7, 9, 1, 3, 9, 4, 7, 8, 1
MAXIMO     : 17
SOLUCION FB: 0, 1, 1, 0, 0, 1, 1, 0, 1, 0
SOLUCION PD: 0, 1, 1, 0, 0, 1, 1, 0, 1, 0
SOLUCION AV: 0, 1, 1, 0, 0, 1, 1, 0, 1, 0

PESOS      : 5, 9, 5, 1, 4, 3, 6, 9, 1, 5
VALORES    : 9, 3, 8, 1, 2, 6, 2, 9, 7, 1
MAXIMO     : 12
SOLUCION FB: 1, 0, 1, 1, 0, 0, 0, 0, 1, 0
SOLUCION PD: 1, 0, 1, 1, 0, 0, 0, 0, 1, 0
SOLUCION AV: 1, 0, 0, 1, 0, 1, 0, 0, 1, 0

PESOS      : 5, 7, 6, 2, 8, 3, 9, 2, 5, 2
VALORES    : 6, 1, 5, 3, 9, 6, 3, 8, 2, 2
MAXIMO     : 12
SOLUCION FB: 1, 0, 0, 1, 0, 1, 0, 1, 0, 0
SOLUCION PD: 1, 0, 0, 1, 0, 1, 0, 1, 0, 0
SOLUCION AV: 1, 0, 0, 1, 0, 1, 0, 1, 0, 0

PESOS      : 4, 3, 9, 4, 5, 3, 2, 9, 7, 4
VALORES    : 3, 6, 2, 8, 2, 8, 5, 2, 4, 4
MAXIMO     : 10
SOLUCION FB: 0, 1, 0, 1, 0, 1, 0, 0, 0, 0
SOLUCION PD: 0, 1, 0, 1, 0, 1, 0, 0, 0, 0
SOLUCION AV: 0, 1, 0, 0, 0, 1, 1, 0, 0, 0

PESOS      : 6, 9, 8, 9, 2, 9, 9, 2, 3, 2
VALORES    : 8, 2, 8, 4, 5, 5, 4, 3, 6, 6
MAXIMO     : 11
SOLUCION FB: 0, 0, 0, 0, 1, 0, 0, 1, 1, 1
SOLUCION PD: 1, 0, 0, 0, 0, 0, 0, 0, 1, 1
SOLUCION AV: 0, 0, 0, 0, 1, 0, 0, 1, 1, 1

PESOS      : 14, 13, 7, 13, 1, 9, 2, 3, 8, 12, 2, 6, 13, 6, 2
VALORES    : 8, 1, 6, 6, 8, 2, 7, 7, 13, 4, 13, 3, 9, 4, 7
MAXIMO     : 111
SOLUCION FB: 1, 1, 1, 1, 1, 1, 1, 1, 1, 1, 1, 1, 1, 1, 1
SOLUCION PD: 1, 1, 1, 1, 1, 1, 1, 1, 1, 1, 1, 1, 1, 1, 1
SOLUCION AV: 1, 1, 1, 1, 1, 1, 1, 1, 1, 1, 1, 1, 1, 1, 1

PESOS      : 2, 8, 11, 4, 3, 14, 7, 4, 7, 4, 13, 6, 14, 7, 11
VALORES    : 5, 4, 14, 4, 1, 12, 3, 10, 7, 1, 14, 11, 7, 4, 2
MAXIMO     : 115
SOLUCION FB: 1, 1, 1, 1, 1, 1, 1, 1, 1, 1, 1, 1, 1, 1, 1
SOLUCION PD: 1, 1, 1, 1, 1, 1, 1, 1, 1, 1, 1, 1, 1, 1, 1
SOLUCION AV: 1, 1, 1, 1, 1, 1, 1, 1, 1, 1, 1, 1, 1, 1, 1

PESOS      : 6, 1, 14, 12, 1, 8, 11, 3, 6, 12, 13, 14, 2, 5, 3
VALORES    : 1, 4, 11, 2, 8, 3, 10, 3, 9, 2, 9, 14, 12, 7, 11
MAXIMO     : 55
SOLUCION FB: 0, 1, 1, 0, 1, 0, 1, 1, 1, 0, 0, 1, 1, 0, 1
SOLUCION PD: 0, 1, 1, 0, 1, 0, 1, 1, 1, 0, 0, 1, 1, 0, 1
SOLUCION AV: 0, 1, 0, 0, 1, 1, 1, 1, 1, 0, 0, 1, 1, 1, 1

PESOS      : 1, 3, 2, 13, 5, 1, 12, 3, 6, 10, 8, 4, 12, 12, 6
VALORES    : 10, 2, 7, 4, 2, 8, 12, 2, 8, 14, 11, 14, 2, 6, 12
MAXIMO     : 49
SOLUCION FB: 1, 1, 1, 0, 0, 1, 1, 0, 0, 1, 1, 1, 0, 0, 1
SOLUCION PD: 1, 1, 1, 0, 0, 1, 1, 0, 0, 1, 1, 1, 0, 0, 1
SOLUCION AV: 1, 1, 1, 0, 1, 1, 0, 1, 1, 1, 1, 1, 0, 0, 1

PESOS      : 4, 6, 9, 9, 5, 3, 5, 14, 2, 10, 1, 10, 6, 7, 5
VALORES    : 7, 2, 8, 14, 7, 1, 11, 14, 10, 9, 14, 7, 9, 5, 1
MAXIMO     : 32
SOLUCION FB: 1, 0, 0, 1, 1, 0, 1, 0, 1, 0, 1, 0, 1, 0, 0
SOLUCION PD: 1, 0, 0, 1, 1, 0, 1, 0, 1, 0, 1, 0, 1, 0, 0
SOLUCION AV: 1, 0, 0, 1, 1, 0, 1, 0, 1, 0, 1, 0, 1, 0, 0

PESOS      : 10, 1, 13, 12, 9, 5, 14, 2, 12, 2, 1, 12, 2, 7, 5
VALORES    : 7, 13, 7, 12, 12, 10, 13, 7, 5, 2, 12, 6, 14, 3, 2
MAXIMO     : 35
SOLUCION FB: 0, 1, 0, 1, 1, 1, 0, 1, 0, 1, 1, 0, 1, 0, 0
SOLUCION PD: 0, 1, 0, 1, 1, 1, 0, 1, 0, 1, 1, 0, 1, 0, 0
SOLUCION AV: 0, 1, 0, 1, 1, 1, 0, 1, 0, 1, 1, 0, 1, 0, 0

PESOS      : 7, 14, 10, 6, 5, 4, 9, 14, 4, 2, 6, 7, 4, 3, 1
VALORES    : 7, 5, 6, 14, 2, 2, 9, 10, 2, 2, 9, 14, 8, 2, 14
MAXIMO     : 24
SOLUCION FB: 0, 0, 0, 1, 0, 0, 0, 0, 0, 0, 1, 1, 1, 0, 1
SOLUCION PD: 0, 0, 0, 1, 0, 0, 0, 0, 0, 0, 1, 1, 1, 0, 1
SOLUCION AV: 0, 0, 0, 1, 0, 0, 0, 0, 0, 0, 1, 1, 1, 0, 1

PESOS      : 11, 8, 8, 12, 7, 2, 12, 9, 7, 4, 11, 11, 7, 12, 12
VALORES    : 4, 14, 13, 5, 1, 4, 6, 12, 13, 8, 12, 2, 3, 14, 2
MAXIMO     : 33
SOLUCION FB: 0, 1, 0, 0, 0, 1, 0, 0, 1, 1, 0, 0, 0, 1, 0
SOLUCION PD: 0, 1, 0, 0, 0, 1, 0, 0, 1, 1, 0, 0, 0, 1, 0
SOLUCION AV: 0, 1, 1, 0, 0, 1, 0, 0, 1, 1, 0, 0, 0, 0, 0

PESOS      : 12, 5, 9, 9, 12, 8, 7, 11, 3, 8, 3, 10, 3, 10, 10
VALORES    : 14, 13, 9, 3, 5, 2, 11, 1, 1, 3, 8, 9, 1, 5, 12
MAXIMO     : 24
SOLUCION FB: 0, 1, 1, 0, 0, 0, 1, 0, 0, 0, 1, 0, 0, 0, 0
SOLUCION PD: 0, 1, 1, 0, 0, 0, 1, 0, 0, 0, 1, 0, 0, 0, 0
SOLUCION AV: 0, 1, 1, 0, 0, 0, 1, 0, 0, 0, 1, 0, 0, 0, 0

PESOS      : 5, 7, 2, 12, 2, 3, 4, 5, 14, 12, 1, 3, 14, 6, 11
VALORES    : 1, 3, 12, 12, 11, 9, 8, 14, 1, 10, 9, 7, 8, 2, 12
MAXIMO     : 20
SOLUCION FB: 0, 0, 1, 0, 1, 1, 1, 1, 0, 0, 1, 1, 0, 0, 0
SOLUCION PD: 0, 0, 1, 0, 1, 1, 1, 1, 0, 0, 1, 1, 0, 0, 0
SOLUCION AV: 0, 0, 1, 0, 1, 1, 1, 1, 0, 0, 1, 1, 0, 0, 0

PESOS      : 8, 16, 19, 16, 11, 15, 5, 8, 5, 15, 6, 16, 11, 16, 11, 8, 19, 5, 16, 8
VALORES    : 3, 17, 13, 19, 2, 5, 16, 4, 3, 2, 6, 6, 11, 3, 12, 5, 1, 14, 8, 12
MAXIMO     : 234
SOLUCION FB: 1, 1, 1, 1, 1, 1, 1, 1, 1, 1, 1, 1, 1, 1, 1, 1, 1, 1, 1, 1
SOLUCION PD: 1, 1, 1, 1, 1, 1, 1, 1, 1, 1, 1, 1, 1, 1, 1, 1, 1, 1, 1, 1
SOLUCION AV: 1, 1, 1, 1, 1, 1, 1, 1, 1, 1, 1, 1, 1, 1, 1, 1, 1, 1, 1, 1

PESOS      : 12, 8, 8, 3, 6, 8, 5, 2, 16, 14, 4, 6, 3, 3, 11, 4, 12, 1, 17, 17
VALORES    : 3, 17, 17, 1, 13, 1, 11, 19, 3, 18, 9, 8, 19, 5, 5, 4, 5, 10, 13, 8
MAXIMO     : 160
SOLUCION FB: 1, 1, 1, 1, 1, 1, 1, 1, 1, 1, 1, 1, 1, 1, 1, 1, 1, 1, 1, 1
SOLUCION PD: 1, 1, 1, 1, 1, 1, 1, 1, 1, 1, 1, 1, 1, 1, 1, 1, 1, 1, 1, 1
SOLUCION AV: 1, 1, 1, 1, 1, 1, 1, 1, 1, 1, 1, 1, 1, 1, 1, 1, 1, 1, 1, 1

PESOS      : 13, 4, 6, 3, 8, 9, 11, 3, 4, 2, 14, 14, 18, 11, 17, 3, 6, 10, 16, 18
VALORES    : 19, 15, 5, 5, 4, 14, 17, 15, 2, 11, 9, 15, 8, 6, 18, 14, 4, 1, 2, 4
MAXIMO     : 95
SOLUCION FB: 1, 1, 1, 1, 0, 1, 1, 1, 1, 1, 0, 1, 0, 0, 1, 1, 1, 0, 0, 0
SOLUCION PD: 1, 1, 1, 1, 0, 1, 1, 1, 1, 1, 0, 1, 0, 0, 1, 1, 1, 0, 0, 0
SOLUCION AV: 1, 1, 1, 1, 0, 1, 1, 1, 1, 1, 0, 1, 0, 0, 1, 1, 1, 0, 0, 0

PESOS      : 10, 12, 15, 2, 17, 14, 18, 10, 15, 3, 13, 10, 6, 9, 13, 4, 7, 6, 17, 11
VALORES    : 11, 17, 10, 10, 16, 5, 4, 5, 12, 11, 4, 3, 12, 3, 15, 13, 13, 8, 19, 8
MAXIMO     : 106
SOLUCION FB: 1, 1, 0, 1, 1, 0, 0, 0, 1, 1, 0, 0, 1, 0, 1, 1, 1, 0, 1, 0
SOLUCION PD: 1, 1, 0, 1, 1, 0, 0, 0, 1, 1, 0, 0, 1, 0, 1, 1, 1, 0, 1, 0
SOLUCION AV: 1, 1, 0, 1, 1, 0, 0, 0, 0, 1, 0, 0, 1, 1, 1, 1, 1, 1, 1, 0

PESOS      : 4, 4, 10, 17, 3, 19, 17, 7, 5, 18, 17, 8, 11, 1, 16, 18, 9, 17, 13, 6
VALORES    : 5, 10, 18, 12, 3, 11, 17, 14, 18, 10, 16, 14, 5, 15, 7, 10, 10, 6, 6, 14
MAXIMO     : 73
SOLUCION FB: 1, 1, 1, 0, 0, 0, 1, 1, 1, 0, 0, 1, 0, 1, 0, 0, 1, 0, 0, 1
SOLUCION PD: 1, 1, 1, 0, 0, 0, 1, 1, 1, 0, 0, 1, 0, 1, 0, 0, 1, 0, 0, 1
SOLUCION AV: 1, 1, 1, 0, 1, 0, 0, 1, 1, 0, 0, 1, 0, 1, 0, 0, 1, 0, 1, 1

PESOS      : 16, 19, 9, 14, 12, 9, 1, 14, 11, 17, 1, 8, 10, 1, 3, 2, 15, 18, 16, 12
VALORES    : 11, 18, 2, 3, 17, 8, 12, 8, 7, 15, 1, 13, 19, 11, 19, 15, 17, 6, 1, 1
MAXIMO     : 69
SOLUCION FB: 0, 0, 0, 0, 1, 0, 1, 0, 0, 1, 0, 1, 1, 1, 1, 1, 1, 0, 0, 0
SOLUCION PD: 0, 0, 0, 0, 1, 0, 1, 0, 0, 1, 0, 1, 1, 1, 1, 1, 1, 0, 0, 0
SOLUCION AV: 0, 0, 0, 0, 1, 1, 1, 0, 0, 0, 1, 1, 1, 1, 1, 1, 1, 0, 0, 0

PESOS      : 3, 1, 18, 2, 12, 1, 14, 12, 11, 15, 4, 3, 17, 8, 5, 7, 12, 6, 18, 19
VALORES    : 6, 13, 1, 6, 7, 14, 14, 7, 7, 1, 11, 18, 14, 1, 12, 1, 14, 12, 6, 11
MAXIMO     : 47
SOLUCION FB: 1, 1, 0, 1, 0, 1, 1, 0, 0, 0, 0, 1, 0, 0, 1, 0, 1, 1, 0, 0
SOLUCION PD: 1, 1, 0, 1, 0, 1, 1, 0, 0, 0, 0, 1, 0, 0, 1, 0, 1, 1, 0, 0
SOLUCION AV: 1, 1, 0, 1, 0, 1, 0, 0, 0, 0, 1, 1, 0, 0, 1, 1, 1, 1, 0, 0

PESOS      : 19, 14, 2, 5, 4, 2, 4, 12, 11, 9, 17, 14, 1, 18, 7, 14, 13, 4, 3, 6
VALORES    : 10, 16, 6, 6, 4, 1, 18, 2, 17, 13, 7, 16, 8, 17, 2, 2, 17, 17, 18, 12
MAXIMO     : 44
SOLUCION FB: 0, 0, 1, 0, 1, 0, 1, 0, 1, 1, 0, 0, 1, 0, 0, 0, 0, 1, 1, 1
SOLUCION PD: 0, 0, 1, 0, 1, 0, 1, 0, 1, 1, 0, 0, 1, 0, 0, 0, 0, 1, 1, 1
SOLUCION AV: 0, 0, 1, 0, 1, 0, 1, 0, 1, 1, 0, 0, 1, 0, 0, 0, 0, 1, 1, 1

PESOS      : 14, 10, 4, 17, 3, 19, 19, 10, 5, 1, 16, 8, 11, 10, 14, 15, 4, 5, 7, 7
VALORES    : 2, 16, 9, 19, 7, 17, 17, 2, 1, 11, 3, 10, 8, 3, 17, 13, 15, 5, 11, 19
MAXIMO     : 39
SOLUCION FB: 0, 1, 1, 0, 1, 0, 0, 0, 0, 1, 0, 0, 0, 0, 0, 0, 1, 0, 1, 1
SOLUCION PD: 0, 1, 1, 0, 1, 0, 0, 0, 0, 1, 0, 0, 0, 0, 0, 0, 1, 0, 1, 1
SOLUCION AV: 0, 1, 1, 0, 1, 0, 0, 0, 0, 1, 0, 0, 0, 0, 0, 0, 1, 0, 1, 1

PESOS      : 9, 6, 7, 19, 16, 15, 10, 4, 11, 8, 12, 19, 11, 16, 2, 5, 9, 18, 8, 9
VALORES    : 2, 10, 9, 5, 9, 18, 8, 2, 8, 12, 15, 10, 12, 14, 8, 3, 4, 18, 12, 14
MAXIMO     : 42
SOLUCION FB: 0, 1, 1, 0, 0, 0, 0, 0, 0, 1, 0, 0, 0, 0, 1, 0, 0, 0, 1, 1
SOLUCION PD: 0, 1, 1, 0, 0, 0, 0, 0, 0, 1, 0, 0, 0, 0, 1, 0, 0, 0, 1, 1
SOLUCION AV: 0, 1, 1, 0, 0, 0, 0, 0, 0, 1, 0, 0, 0, 0, 1, 0, 0, 0, 1, 1

PESOS      : 6, 20, 2, 24, 19, 22, 22, 4, 5, 14, 9, 2, 15, 17, 17, 10, 5, 4, 12, 12, 17, 10, 1, 16, 19
VALORES    : 9, 6, 24, 23, 17, 6, 24, 16, 5, 19, 5, 8, 7, 12, 8, 24, 6, 12, 11, 4, 23, 6, 8, 10, 11
MAXIMO     : 304
SOLUCION FB: 1, 1, 1, 1, 1, 1, 1, 1, 1, 1, 1, 1, 1, 1, 1, 1, 1, 1, 1, 1, 1, 1, 1, 1, 1
SOLUCION PD: 1, 1, 1, 1, 1, 1, 1, 1, 1, 1, 1, 1, 1, 1, 1, 1, 1, 1, 1, 1, 1, 1, 1, 1, 1
SOLUCION AV: 1, 1, 1, 1, 1, 1, 1, 1, 1, 1, 1, 1, 1, 1, 1, 1, 1, 1, 1, 1, 1, 1, 1, 1, 1

PESOS      : 18, 17, 12, 5, 1, 13, 19, 8, 23, 3, 11, 23, 22, 23, 21, 18, 9, 14, 19, 20, 13, 20, 17, 3, 21
VALORES    : 24, 12, 2, 1, 5, 20, 13, 14, 10, 5, 1, 3, 19, 22, 19, 22, 12, 11, 1, 8, 1, 12, 24, 24, 18
MAXIMO     : 373
SOLUCION FB: 1, 1, 1, 1, 1, 1, 1, 1, 1, 1, 1, 1, 1, 1, 1, 1, 1, 1, 1, 1, 1, 1, 1, 1, 1
SOLUCION PD: 1, 1, 1, 1, 1, 1, 1, 1, 1, 1, 1, 1, 1, 1, 1, 1, 1, 1, 1, 1, 1, 1, 1, 1, 1
SOLUCION AV: 1, 1, 1, 1, 1, 1, 1, 1, 1, 1, 1, 1, 1, 1, 1, 1, 1, 1, 1, 1, 1, 1, 1, 1, 1

PESOS      : 12, 13, 8, 11, 12, 3, 17, 19, 22, 8, 6, 18, 18, 21, 4, 9, 4, 18, 4, 9, 15, 23, 8, 20, 23
VALORES    : 15, 10, 2, 12, 15, 4, 15, 15, 2, 17, 15, 5, 1, 6, 1, 2, 16, 12, 20, 16, 23, 21, 14, 23, 3
MAXIMO     : 162
SOLUCION FB: 1, 1, 0, 1, 1, 0, 1, 0, 0, 1, 1, 0, 0, 0, 0, 0, 1, 0, 1, 1, 1, 1, 1, 1, 0
SOLUCION PD: 1, 1, 0, 1, 1, 0, 1, 0, 0, 1, 1, 0, 0, 0, 0, 0, 1, 0, 1, 1, 1, 1, 1, 1, 0
SOLUCION AV: 1, 0, 1, 1, 1, 1, 1, 0, 0, 1, 1, 0, 0, 0, 0, 0, 1, 0, 1, 1, 1, 1, 1, 1, 0

PESOS      : 4, 3, 20, 10, 3, 18, 23, 11, 14, 19, 19, 3, 2, 19, 21, 5, 13, 18, 10, 3, 4, 24, 2, 5, 16
VALORES    : 2, 13, 18, 15, 16, 20, 6, 12, 12, 7, 4, 19, 23, 22, 13, 9, 21, 20, 19, 15, 11, 13, 8, 15, 22
MAXIMO     : 144
SOLUCION FB: 1, 1, 0, 1, 1, 1, 0, 1, 0, 0, 0, 1, 1, 1, 0, 0, 1, 1, 1, 1, 1, 0, 1, 1, 1
SOLUCION PD: 1, 1, 0, 1, 1, 1, 0, 1, 0, 0, 0, 1, 1, 1, 0, 0, 1, 1, 1, 1, 1, 0, 1, 1, 1
SOLUCION AV: 1, 1, 0, 1, 1, 1, 0, 0, 0, 0, 0, 1, 1, 1, 0, 1, 1, 1, 1, 1, 1, 0, 1, 1, 1

PESOS      : 9, 7, 3, 7, 20, 11, 5, 6, 20, 23, 13, 10, 4, 21, 5, 19, 6, 21, 19, 2, 19, 10, 24, 17, 14
VALORES    : 1, 7, 4, 14, 24, 11, 12, 14, 14, 23, 6, 4, 8, 13, 4, 6, 11, 24, 13, 6, 20, 8, 10, 21, 15
MAXIMO     : 105
SOLUCION FB: 0, 0, 1, 1, 1, 0, 1, 1, 0, 0, 0, 0, 1, 0, 0, 0, 1, 1, 0, 1, 0, 0, 0, 1, 1
SOLUCION PD: 0, 0, 1, 1, 1, 0, 1, 1, 0, 0, 0, 0, 1, 0, 0, 0, 1, 1, 0, 1, 0, 0, 0, 1, 1
SOLUCION AV: 0, 0, 1, 1, 1, 0, 1, 1, 0, 0, 0, 0, 1, 0, 0, 0, 1, 1, 0, 1, 0, 0, 0, 1, 1

PESOS      : 8, 13, 14, 6, 9, 19, 9, 11, 19, 19, 18, 23, 20, 14, 8, 3, 7, 10, 21, 22, 14, 8, 19, 4, 11
VALORES    : 18, 8, 1, 5, 8, 23, 10, 19, 19, 23, 24, 22, 24, 12, 23, 4, 9, 9, 13, 17, 22, 8, 21, 9, 2
MAXIMO     : 109
SOLUCION FB: 1, 0, 0, 0, 0, 1, 0, 1, 0, 0, 1, 0, 1, 0, 1, 0, 1, 0, 0, 0, 1, 0, 0, 1, 0
SOLUCION PD: 1, 0, 0, 0, 0, 1, 0, 1, 0, 0, 1, 0, 1, 0, 1, 0, 1, 0, 0, 0, 1, 0, 0, 1, 0
SOLUCION AV: 1, 0, 0, 0, 0, 1, 1, 1, 0, 0, 1, 0, 0, 0, 1, 1, 1, 0, 0, 0, 1, 1, 0, 1, 0

PESOS      : 11, 1, 21, 6, 6, 21, 17, 19, 11, 9, 2, 19, 3, 20, 20, 12, 13, 6, 16, 16, 3, 16, 7, 17, 19
VALORES    : 24, 24, 15, 19, 15, 17, 2, 11, 1, 24, 1, 21, 20, 8, 3, 7, 1, 9, 14, 15, 19, 24, 14, 17, 13
MAXIMO     : 77
SOLUCION FB: 1, 1, 0, 1, 1, 0, 0, 0, 0, 1, 1, 0, 1, 0, 0, 0, 0, 1, 0, 0, 1, 1, 1, 0, 0
SOLUCION PD: 1, 1, 0, 1, 1, 0, 0, 0, 0, 1, 0, 0, 1, 0, 0, 0, 0, 1, 0, 1, 1, 1, 0, 0, 0
SOLUCION AV: 1, 1, 0, 1, 1, 0, 0, 0, 0, 1, 1, 0, 1, 0, 0, 0, 0, 1, 0, 0, 1, 1, 1, 0, 0

PESOS      : 22, 7, 20, 6, 3, 2, 22, 7, 23, 1, 15, 14, 17, 6, 5, 1, 21, 23, 4, 15, 24, 11, 3, 3, 6
VALORES    : 20, 5, 3, 3, 15, 9, 2, 14, 15, 20, 14, 20, 1, 3, 17, 22, 20, 14, 14, 5, 3, 14, 21, 24, 13
MAXIMO     : 70
SOLUCION FB: 0, 0, 0, 0, 1, 1, 0, 1, 0, 1, 0, 1, 0, 0, 1, 1, 1, 0, 1, 0, 0, 0, 1, 1, 1
SOLUCION PD: 0, 0, 0, 0, 1, 1, 0, 1, 0, 1, 0, 1, 0, 0, 1, 1, 1, 0, 1, 0, 0, 0, 1, 1, 1
SOLUCION AV: 0, 1, 0, 0, 1, 1, 0, 1, 0, 1, 0, 1, 0, 0, 1, 1, 0, 0, 1, 0, 0, 1, 1, 1, 1

PESOS      : 5, 16, 19, 9, 8, 4, 18, 1, 4, 8, 18, 15, 21, 15, 4, 5, 7, 4, 16, 12, 21, 13, 23, 4, 20
VALORES    : 23, 7, 2, 17, 20, 16, 8, 2, 21, 18, 4, 8, 23, 3, 13, 10, 3, 8, 23, 4, 23, 17, 22, 14, 19
MAXIMO     : 58
SOLUCION FB: 1, 0, 0, 1, 1, 1, 0, 1, 1, 1, 0, 0, 0, 0, 1, 1, 0, 1, 0, 0, 0, 0, 0, 1, 0
SOLUCION PD: 1, 0, 0, 1, 1, 1, 0, 1, 1, 1, 0, 0, 0, 0, 1, 1, 0, 1, 0, 0, 0, 0, 0, 1, 0
SOLUCION AV: 1, 0, 0, 1, 1, 1, 0, 1, 1, 1, 0, 0, 0, 0, 1, 1, 0, 1, 0, 0, 0, 0, 0, 1, 0

PESOS      : 10, 22, 23, 8, 3, 9, 12, 2, 18, 14, 1, 6, 23, 19, 18, 4, 16, 22, 14, 3, 19, 7, 12, 15, 9
VALORES    : 7, 19, 19, 11, 2, 21, 5, 23, 21, 13, 19, 19, 9, 9, 7, 4, 14, 19, 7, 5, 23, 23, 24, 18, 5
MAXIMO     : 61
SOLUCION FB: 0, 0, 0, 1, 0, 1, 0, 1, 0, 0, 1, 1, 0, 0, 0, 0, 0, 0, 0, 0, 0, 1, 1, 1, 0
SOLUCION PD: 0, 0, 0, 1, 0, 1, 0, 1, 0, 0, 1, 1, 0, 0, 0, 0, 0, 0, 0, 0, 0, 1, 1, 1, 0
SOLUCION AV: 0, 0, 0, 1, 1, 1, 0, 1, 0, 0, 1, 1, 0, 0, 0, 1, 0, 0, 0, 1, 0, 1, 1, 0, 0

